[gd_scene load_steps=12 format=3 uid="uid://drh3kj7778ibt"]

[ext_resource type="PackedScene" uid="uid://b30dvd4ye2sv3" path="res://RayPickerCamera/ray_picker_camera.tscn" id="1_33bfw"]
[ext_resource type="MeshLibrary" uid="uid://cesoulgt1yff5" path="res://MeshLibraries/SpaceLibrary.tres" id="1_j15wq"]
[ext_resource type="PackedScene" uid="uid://butwu35p7bjro" path="res://Enemy/enemy.tscn" id="2_wgbja"]
[ext_resource type="Script" path="res://TurretManager.gd" id="3_4nxnr"]
[ext_resource type="PackedScene" uid="uid://bfb4k2ep1dvtl" path="res://Base/base.tscn" id="3_jojtq"]
[ext_resource type="PackedScene" uid="uid://dlmltvgusbij4" path="res://Turret/turret.tscn" id="4_enpy5"]

[sub_resource type="ProceduralSkyMaterial" id="ProceduralSkyMaterial_mwvmm"]
sky_horizon_color = Color(0.64625, 0.65575, 0.67075, 1)
ground_horizon_color = Color(0.64625, 0.65575, 0.67075, 1)

[sub_resource type="Sky" id="Sky_apbtm"]
sky_material = SubResource("ProceduralSkyMaterial_mwvmm")

[sub_resource type="Environment" id="Environment_ad6ns"]
background_mode = 2
sky = SubResource("Sky_apbtm")
tonemap_mode = 2
glow_enabled = true

[sub_resource type="StandardMaterial3D" id="StandardMaterial3D_jvajy"]
albedo_color = Color(0.266667, 0.266667, 0.266667, 1)

[sub_resource type="Curve3D" id="Curve3D_yvn7s"]
_data = {
"points": PackedVector3Array(0, 0, 0, 0, 0, 0, -14, 0, 14, -1, 0, 1, 1, 0, -1, -14, 0, 2, -1, 0, -1, 1, 0, 1, -6, 0, 2, -1, 0, -1, 1, 0, 1, -6, 0, 6, -1, 0, 1, 1, 0, -1, 2, 0, 6, -1, 0, 1, 1, 0, -1, 2, 0, -2, -1, 0, -1, 1, 0, 1, 14, 0, -2, -1, 0, -1, 1, 0, 1, 14, 0, 6, 0, 0, 0, 0, 0, 0, 18, 0, 6),
"tilts": PackedFloat32Array(0, 0, 0, 0, 0, 0, 0, 0, 0)
}
point_count = 9

[node name="BaseLevel" type="Node3D"]

[node name="WorldEnvironment" type="WorldEnvironment" parent="."]
environment = SubResource("Environment_ad6ns")

[node name="DirectionalLight3D" type="DirectionalLight3D" parent="."]
transform = Transform3D(-0.866025, -0.433013, 0.25, 0, 0.5, 0.866025, -0.5, 0.75, -0.433013, 0, 0, 0)
shadow_enabled = true

[node name="CSGBox3D" type="CSGBox3D" parent="."]
transform = Transform3D(1, 0, 0, 0, 1, 0, 0, 0, 1, 0, -1, 0)
size = Vector3(100, 2, 100)
material = SubResource("StandardMaterial3D_jvajy")

[node name="RayPickerCamera" parent="." node_paths=PackedStringArray("grid_map") instance=ExtResource("1_33bfw")]
transform = Transform3D(1, 0, 0, 0, 0.422618, 0.906308, 0, -0.906308, 0.422618, 0, 18, 12)
grid_map = NodePath("../GridMap")

[node name="GridMap" type="GridMap" parent="."]
mesh_library = ExtResource("1_j15wq")
cell_size = Vector3(4, 4, 4)
cell_center_y = false
data = {
"cells": PackedInt32Array(65531, 65534, 0, 65531, 65535, 0, 65531, 0, 0, 65531, 1, 0, 65531, 2, 0, 65532, 65534, 0, 65533, 65534, 0, 65533, 2, 0, 65534, 65534, 0, 65534, 2, 0, 65535, 65534, 0, 65535, 2, 0, 0, 65534, 0, 0, 2, 0, 1, 65534, 0, 1, 2, 0, 2, 65534, 0, 2, 2, 0, 3, 65534, 0, 3, 2, 0, 4, 65534, 0, 4, 65535, 0, 4, 0, 0, 4, 2, 0, 2, 1, 0, 2, 0, 0, 1, 0, 0, 1, 1, 0, 65535, 0, 0, 65535, 65535, 0, 65534, 65535, 0, 65533, 65535, 0, 65532, 65535, 0, 65533, 1, 0)
}

[node name="TurretManager" type="Node3D" parent="."]
script = ExtResource("3_4nxnr")
turret_scene = ExtResource("4_enpy5")

[node name="Path3D" type="Path3D" parent="."]
curve = SubResource("Curve3D_yvn7s")

[node name="Road" type="CSGPolygon3D" parent="Path3D"]
polygon = PackedVector2Array(-1, 0, -1, 0.1, 1, 0.1, 1, 0)
mode = 2
path_node = NodePath("..")
path_interval_type = 0
path_interval = 0.5
path_simplify_angle = 0.0
path_rotation = 2
path_local = false
path_continuous_u = true
path_u_distance = 1.0
path_joined = false

[node name="LeftEdge" type="CSGPolygon3D" parent="Path3D"]
polygon = PackedVector2Array(-1.1, 0, -1.1, 0.15, -0.9, 0.15, -0.9, 0)
mode = 2
path_node = NodePath("..")
path_interval_type = 0
path_interval = 0.5
path_simplify_angle = 0.0
path_rotation = 2
path_local = false
path_continuous_u = true
path_u_distance = 1.0
path_joined = false

[node name="RightEdge" type="CSGPolygon3D" parent="Path3D"]
polygon = PackedVector2Array(0.9, 0, 0.9, 0.15, 1.1, 0.15, 1.1, 0)
mode = 2
path_node = NodePath("..")
path_interval_type = 0
path_interval = 0.5
path_simplify_angle = 0.0
path_rotation = 2
path_local = false
path_continuous_u = true
path_u_distance = 1.0
path_joined = false

[node name="Enemy" parent="Path3D" instance=ExtResource("2_wgbja")]
transform = Transform3D(0.999994, 0, 0, 0, 1, 0, 0, 0, 0.999994, -14, 0, 14)

[node name="Enemy2" parent="Path3D" instance=ExtResource("2_wgbja")]
transform = Transform3D(0.998757, 0, 0.0497227, 0, 1, 0, -0.0497227, 0, 0.998757, -14.3452, 0, 9.01226)
progress = 5.0

[node name="Enemy3" parent="Path3D" instance=ExtResource("2_wgbja")]
transform = Transform3D(0.998561, 0, -0.0535071, 0, 1, 0, 0.0535071, 0, 0.998561, -14.4087, 0, 4.01436)
progress = 10.0

[node name="Enemy4" parent="Path3D" instance=ExtResource("2_wgbja")]
transform = Transform3D(0.0692737, 0, -0.997591, 0, 1, 0, 0.997591, 0, 0.0692737, -11.2097, 0, 1.29088)
progress = 15.0

[node name="Enemy5" parent="Path3D" instance=ExtResource("2_wgbja")]
transform = Transform3D(-0.46583, 0, -0.884867, 0, 1, 0, 0.884867, 0, -0.46583, -6.27649, 0, 1.80655)
progress = 20.0

[node name="Base" parent="." instance=ExtResource("3_jojtq")]
transform = Transform3D(1, 0, 0, 0, 1, 0, 0, 0, 1, 18, 2, 6)
max_health = 5
